15.0
46.0
73.0
104.0
134.0
165.0
195.0
226.0
257.0
287.0
318.0
348.0
380.0
411.0
438.0
469.0
499.0
530.0
560.0
591.0
622.0
652.0
683.0
713.0
745.0
776.0
804.0
835.0
865.0
896.0
926.0
957.0
988.0
1018.0
1049.0
1079.0
1111.0
1142.0
1169.0
1200.0
1230.0
1261.0
1291.0
1322.0
1353.0
1383.0
1414.0
1444.0
1476.0
1507.0
1534.0
1565.0
1595.0
1626.0
1656.0
1687.0
1718.0
1748.0
1779.0
1809.0
1841.0
1872.0
1899.0
1930.0
1960.0
1991.0
2021.0
2052.0
2083.0
2113.0
2144.0
2174.0
2206.0
2237.0
2265.0
2296.0
2326.0
2357.0
2387.0
2418.0
2449.0
2479.0
2510.0
2540.0
2572.0
2603.0
2630.0
2661.0
2691.0
2722.0
2752.0
2783.0
2814.0
2844.0
2875.0
2905.0
2937.0
2968.0
2995.0
3026.0
3056.0
3087.0
3117.0
3148.0
3179.0
3209.0
3240.0
3270.0
3302.0
3333.0
3360.0
3391.0
3421.0
3452.0
3482.0
3513.0
3544.0
3574.0
3605.0
3635.0
3667.0
3698.0
3726.0
3757.0
3787.0
3818.0
3848.0
3879.0
3910.0
3940.0
3971.0
4001.0
4033.0
4064.0
4091.0
4122.0
4152.0
4183.0
4213.0
4244.0
4275.0
4305.0
4336.0
4366.0
4398.0
4429.0
4456.0
4487.0
4517.0
4548.0
4578.0
4609.0
4640.0
4670.0
4701.0
4731.0
4763.0
4794.0
4821.0
4852.0
4882.0
4913.0
4943.0
4974.0
5005.0
5035.0
5066.0
5096.0
5128.0
5159.0
5187.0
5218.0
5248.0
5279.0
5309.0
5340.0
5371.0
5401.0
5432.0
5462.0
5494.0
5525.0
5552.0
5583.0
5613.0
5644.0
5674.0
5705.0
5736.0
5766.0
5797.0
5827.0
5859.0
5890.0
5917.0
5948.0
5978.0
6009.0
6039.0
6070.0
6101.0
6131.0
6162.0
6192.0
6224.0
6255.0
6282.0
6313.0
6343.0
6374.0
6404.0
6435.0
6466.0
6496.0
6527.0
6557.0
6589.0
6620.0
6648.0
6679.0
6709.0
6740.0
6770.0
6801.0
6832.0
6862.0
6893.0
6923.0
6955.0
6986.0
7013.0
7044.0
7074.0
7105.0
7135.0
7166.0
7197.0
7227.0
7258.0
7288.0
7320.0
7351.0
7378.0
7409.0
7439.0
7470.0
7500.0
7531.0
7562.0
7592.0
7623.0
7653.0
7685.0
7716.0
7743.0
7774.0
7804.0
7835.0
7865.0
7896.0
7927.0
7957.0
7988.0
8018.0
8050.0
8081.0
8109.0
8140.0
8170.0
8201.0
8231.0
8262.0
8293.0
8323.0
8354.0
8384.0
8416.0
8447.0
8474.0
8505.0
8535.0
8566.0
8596.0
8627.0
8658.0
8688.0
8719.0
8749.0
8781.0
8812.0
8839.0
8870.0
8900.0
8931.0
8961.0
8992.0
9023.0
9053.0
9084.0
9114.0
9146.0
9177.0
9204.0
9235.0
9265.0
9296.0
9326.0
9357.0
9388.0
9418.0
9449.0
9479.0
9511.0
9542.0
9570.0
9601.0
9631.0
9662.0
9692.0
9723.0
9754.0
9784.0
9815.0
9845.0
9877.0
9908.0
9935.0
9966.0
9996.0
10027.0
10057.0
10088.0
10119.0
10149.0
10180.0
10210.0
10242.0
10273.0
10300.0
10331.0
10361.0
10392.0
10422.0
10453.0
10484.0
10514.0
10545.0
10575.0
10607.0
10638.0
10665.0
10696.0
10726.0
10757.0
10787.0
10818.0
10849.0
10879.0
10910.0
10940.0
10972.0
11003.0
11031.0
11062.0
11092.0
11123.0
11153.0
11184.0
11215.0
11245.0
11276.0
11306.0
11338.0
11369.0
11396.0
11427.0
11457.0
11488.0
11518.0
11549.0
11580.0
11610.0
11641.0
11671.0
11703.0
11734.0
11761.0
11792.0
11822.0
11853.0
11883.0
11914.0
11945.0
11975.0
12006.0
12036.0
12068.0
12099.0
12126.0
12157.0
12187.0
12218.0
12248.0
12279.0
12310.0
12340.0
12371.0
12401.0
12433.0
12464.0
12492.0
12523.0
12553.0
12584.0
12614.0
12645.0
12676.0
12706.0
12737.0
12767.0
12799.0
12830.0
12857.0
12888.0
12918.0
12949.0
12979.0
13010.0
13041.0
13071.0
13102.0
13132.0
13164.0
13195.0
13222.0
13253.0
13283.0
13314.0
13344.0
13375.0
13406.0
13436.0
13467.0
13497.0
13529.0
13560.0
13587.0
13618.0
13648.0
13679.0
13709.0
13740.0
13771.0
13801.0
13832.0
13862.0
13894.0
13925.0
13953.0
13984.0
14014.0
14045.0
14075.0
14106.0
14137.0
14167.0
14198.0
14228.0
14260.0
14291.0
14318.0
14349.0
14379.0
14410.0
14440.0
14471.0
14502.0
14532.0
14563.0
14593.0
14625.0
14656.0
14683.0
14714.0
14744.0
14775.0
14805.0
14836.0
14867.0
14897.0
14928.0
14958.0
14990.0
15021.0
15048.0
15079.0
15109.0
15140.0
15170.0
15201.0
15232.0
15262.0
15293.0
15323.0
15355.0
15386.0
15414.0
15445.0
15475.0
15506.0
15536.0
15567.0
15598.0
15628.0
15659.0
15689.0
15721.0
15752.0
15779.0
15810.0
15840.0
15871.0
15901.0
15932.0
15963.0
15993.0
16024.0
16054.0
16086.0
16117.0
16144.0
16175.0
16205.0
16236.0
16266.0
16297.0
16328.0
16358.0
16389.0
16419.0
16451.0
16482.0
16509.0
16540.0
16570.0
16601.0
16631.0
16662.0
16693.0
16723.0
16754.0
16784.0
16816.0
16847.0
16875.0
16906.0
16936.0
16967.0
16997.0
17028.0
17059.0
17089.0
17120.0
17150.0
17182.0
17213.0
17240.0
17271.0
17301.0
17332.0
17362.0
17393.0
17424.0
17454.0
17485.0
17515.0
17547.0
17578.0
17605.0
17636.0
17666.0
17697.0
17727.0
17758.0
17789.0
17819.0
17850.0
17880.0
17912.0
17943.0
17970.0
18001.0
18031.0
18062.0
18092.0
18123.0
18154.0
18184.0
18215.0
18245.0
18277.0
18308.0
18336.0
18367.0
18397.0
18428.0
18458.0
18489.0
18520.0
18550.0
18581.0
18611.0
18643.0
18674.0
18701.0
18732.0
18762.0
18793.0
18823.0
18854.0
18885.0
18915.0
18946.0
18976.0
19008.0
19039.0
19066.0
19097.0
19127.0
19158.0
19188.0
19219.0
19250.0
19280.0
19311.0
19341.0
19373.0
19404.0
19431.0
19462.0
19492.0
19523.0
19553.0
19584.0
19615.0
19645.0
19676.0
19706.0
19738.0
19769.0
19797.0
19828.0
19858.0
19889.0
19919.0
19950.0
19981.0
20011.0
20042.0
20072.0
20104.0
20135.0
20162.0
20193.0
20223.0
20254.0
20284.0
20315.0
20346.0
20376.0
20407.0
20437.0
20469.0
20500.0
20527.0
20558.0
20588.0
20619.0
20649.0
20680.0
20711.0
20741.0
20772.0
20802.0
20834.0
20865.0
20892.0
20923.0
20953.0
20984.0
21014.0
21045.0
21076.0
21106.0
21137.0
21167.0
21199.0
21230.0
21258.0
21289.0
21319.0
21350.0
21380.0
21411.0
21442.0
21472.0
21503.0
21533.0
21565.0
21596.0
21623.0
21654.0
21684.0
21715.0
21745.0
21776.0
21807.0
21837.0
21868.0
21898.0
21930.0
21961.0
21988.0
22019.0
22049.0
22080.0
22110.0
22141.0
22172.0
22202.0
22233.0
22263.0
22295.0
22326.0
22353.0
22384.0
22414.0
22445.0
22475.0
22506.0
22537.0
22567.0
22598.0
22628.0
22660.0
22691.0
22719.0
22750.0
22780.0
22811.0
22841.0
22872.0
22903.0
22933.0
22964.0
22994.0
23026.0
23057.0
23084.0
23115.0
23145.0
23176.0
23206.0
23237.0
23268.0
23298.0
23329.0
23359.0
23391.0
23422.0
23449.0
23480.0
23510.0
23541.0
23571.0
23602.0
23633.0
23663.0
23694.0
23724.0
23756.0
23787.0
23814.0
23845.0
23875.0
23906.0
23936.0
23967.0
23998.0
24028.0
24059.0
24089.0
24121.0
24152.0
24180.0
24211.0
24241.0
24272.0
24302.0
24333.0
24364.0
24394.0
24425.0
24455.0
24487.0
24518.0
24545.0
24576.0
24606.0
24637.0
24667.0
24698.0
24729.0
24759.0
24790.0
24820.0
24852.0
24883.0
24910.0
24941.0
24971.0
25002.0
25032.0
25063.0
25094.0
25124.0
25155.0
25185.0
25217.0
25248.0
25275.0
25306.0
25336.0
25367.0
25397.0
25428.0
25459.0
25489.0
25520.0
25550.0
25582.0
25613.0
25641.0
25672.0
25702.0
25733.0
25763.0
25794.0
25825.0
25855.0
25886.0
25916.0
25948.0
25979.0
26006.0
26037.0
26067.0
26098.0
26128.0
26159.0
26190.0
26220.0
26251.0
26281.0
26313.0
26344.0
26371.0
26402.0
26432.0
26463.0
26493.0
26524.0
26555.0
26585.0
26616.0
26646.0
26678.0
26709.0
26736.0
26767.0
26797.0
26828.0
26858.0
26889.0
26920.0
26950.0
26981.0
27011.0
27043.0
27074.0
27102.0
27133.0
27163.0
27194.0
27224.0
27255.0
27286.0
27316.0
27347.0
27377.0
27409.0
27440.0
27467.0
27498.0
27528.0
27559.0
27589.0
27620.0
27651.0
27681.0
27712.0
27742.0
27774.0
27805.0
27832.0
27863.0
27893.0
27924.0
27954.0
27985.0
28016.0
28046.0
28077.0
28107.0
28139.0
28170.0
28197.0
28228.0
28258.0
28289.0
28319.0
28350.0
28381.0
28411.0
28442.0
28472.0
28504.0
28535.0
28563.0
28594.0
28624.0
28655.0
28685.0
28716.0
28747.0
28777.0
28808.0
28838.0
28870.0
28901.0
28928.0
28959.0
28989.0
29020.0
29050.0
29081.0
29112.0
29142.0
29173.0
29203.0
29235.0
29266.0
29293.0
29324.0
29354.0
29385.0
29415.0
29446.0
29477.0
29507.0
29538.0
29568.0
29600.0
29631.0
29658.0
29689.0
29719.0
29750.0
29780.0
29811.0
29842.0
29872.0
29903.0
29933.0
29965.0
29996.0
30024.0
30055.0
30085.0
30116.0
30146.0
30177.0
30208.0
30238.0
30269.0
30299.0
30331.0
30362.0
30389.0
30420.0
30450.0
30481.0
30511.0
30542.0
30573.0
30603.0
30634.0
30664.0
30696.0
30727.0
30754.0
30785.0
30815.0
30846.0
30876.0
30907.0
30938.0
30968.0
30999.0
31029.0
31061.0
31092.0
31119.0
31150.0
31180.0
31211.0
31241.0
31272.0
31303.0
31333.0
31364.0
31394.0
31426.0
31457.0
31485.0
31516.0
31546.0
31577.0
31607.0
31638.0
31669.0
31699.0
31730.0
31760.0
31792.0
31823.0
31850.0
31881.0
31911.0
31942.0
31972.0
32003.0
32034.0
32064.0
32095.0
32125.0
32157.0
32188.0
32215.0
32246.0
32276.0
32307.0
32337.0
32368.0
32399.0
32429.0
32460.0
32490.0
32522.0
32553.0
32580.0
32611.0
32641.0
32672.0
32702.0
32733.0
32764.0
32794.0
32825.0
32855.0
32887.0
32918.0
32946.0
32977.0
33007.0
33038.0
33068.0
33099.0
33130.0
33160.0
33191.0
33221.0
33253.0
33284.0
33311.0
33342.0
33372.0
33403.0
33433.0
33464.0
33495.0
33525.0
33556.0
33586.0
33618.0
33649.0
33676.0
33707.0
33737.0
33768.0
33798.0
33829.0
33860.0
33890.0
33921.0
33951.0
33983.0
34014.0
34041.0
34072.0
34102.0
34133.0
34163.0
34194.0
34225.0
34255.0
34286.0
34316.0
34348.0
34379.0
34407.0
34438.0
34468.0
34499.0
34529.0
34560.0
34591.0
34621.0
34652.0
34682.0
34714.0
34745.0
34772.0
34803.0
34833.0
34864.0
34894.0
34925.0
34956.0
34986.0
35017.0
35047.0
35079.0
35110.0
35137.0
35168.0
35198.0
35229.0
35259.0
35290.0
35321.0
35351.0
35382.0
35412.0
35444.0
35475.0
35502.0
35533.0
35563.0
35594.0
35624.0
35655.0
35686.0
35716.0
35747.0
35777.0
35809.0
35840.0
35868.0
35899.0
35929.0
35960.0
35990.0
36021.0
36052.0
36082.0
36113.0
36143.0
36175.0
36206.0
36233.0
36264.0
36294.0
36325.0
36355.0
36386.0
36417.0
36447.0
36478.0
36508.0
36540.0
36571.0
36598.0
36629.0
36659.0
36690.0
36720.0
36751.0
36782.0
36812.0
36843.0
36873.0
36905.0
36936.0
36963.0
36994.0
37024.0
37055.0
37085.0
37116.0
37147.0
37177.0
37208.0
37238.0
37270.0
37301.0
37329.0
37360.0
37390.0
37421.0
37451.0
37482.0
37513.0
37543.0
37574.0
37604.0
37636.0
37667.0
37694.0
37725.0
37755.0
37786.0
37816.0
37847.0
37878.0
37908.0
37939.0
37969.0
38001.0
38032.0
38059.0
38090.0
38120.0
38151.0
38181.0
38212.0
38243.0
38273.0
38304.0
38334.0
38366.0
38397.0
38424.0
38455.0
38485.0
38516.0
38546.0
38577.0
38608.0
38638.0
38669.0
38699.0
38731.0
38762.0
38790.0
38821.0
38851.0
38882.0
38912.0
38943.0
38974.0
39004.0
39035.0
39065.0
39097.0
39128.0
39155.0
39186.0
39216.0
39247.0
39277.0
39308.0
39339.0
39369.0
39400.0
39430.0
39462.0
39493.0
39520.0
39551.0
39581.0
39612.0
39642.0
39673.0
39704.0
39734.0
39765.0
39795.0
39827.0
39858.0
39885.0
39916.0
39946.0
39977.0
40007.0
40038.0
40069.0
40099.0
40130.0
40160.0
40192.0
40223.0
40251.0
40282.0
40312.0
40343.0
40373.0
40404.0
40435.0
40465.0
40496.0
40526.0
40558.0
40589.0
40616.0
40647.0
40677.0
40708.0
40738.0
40769.0
40800.0
40830.0
40861.0
40891.0
40923.0
40954.0
40981.0
41012.0
41042.0
41073.0
41103.0
41134.0
41165.0
41195.0
41226.0
41256.0
41288.0
41319.0
41346.0
41377.0
41407.0
41438.0
41468.0
41499.0
41530.0
41560.0
41591.0
41621.0
41653.0
41684.0
41712.0
41743.0
41773.0
41804.0
41834.0
41865.0
41896.0
41926.0
41957.0
41987.0
42019.0
42050.0
42077.0
42108.0
42138.0
42169.0
42199.0
42230.0
42261.0
42291.0
42322.0
42352.0
42384.0
42415.0
42442.0
42473.0
42503.0
42534.0
42564.0
42595.0
42626.0
42656.0
42687.0
42717.0
42749.0
42780.0
42807.0
42838.0
42868.0
42899.0
42929.0
42960.0
42991.0
43021.0
43052.0
43082.0
43114.0
43145.0
43173.0
43204.0
43234.0
43265.0
43295.0
43326.0
43357.0
43387.0
43418.0
43448.0
43480.0
43511.0
43538.0
43569.0
43599.0
43630.0
43660.0
43691.0
43722.0
43752.0
43783.0
43813.0
43845.0
43876.0
43903.0
43934.0
43964.0
43995.0
44025.0
44056.0
44087.0
44117.0
44148.0
44178.0
44210.0
44241.0
44268.0
44299.0
44329.0
44360.0
44390.0
44421.0
44452.0
44482.0
44513.0
44543.0
44575.0
44606.0
44634.0
44665.0
44695.0
44726.0
44756.0
44787.0
44818.0
44848.0
44879.0
44909.0
44941.0
44972.0
44999.0
45030.0
45060.0
45091.0
45121.0
45152.0
45183.0
45213.0
45244.0
45274.0
45306.0
45337.0
45364.0
45395.0
45425.0
45456.0
45486.0
45517.0
45548.0
45578.0
45609.0
45639.0
45671.0
45702.0
45729.0
45760.0
45790.0
45821.0
45851.0
45882.0
45913.0
45943.0
45974.0
46004.0
46036.0
46067.0
46095.0
46126.0
46156.0
46187.0
46217.0
46248.0
46279.0
46309.0
46340.0
46370.0
46402.0
46433.0
46460.0
46491.0
46521.0
46552.0
46582.0
46613.0
46644.0
46674.0
46705.0
46735.0
46767.0
46798.0
46825.0
46856.0
46886.0
46917.0
46947.0
46978.0
47009.0
47039.0
47070.0
47100.0
47132.0
47163.0
47190.0
47221.0
47251.0
47282.0
47312.0
47343.0
47374.0
47404.0
47435.0
47465.0
47497.0
47528.0
47556.0
47587.0
47617.0
47648.0
47678.0
47709.0
47740.0
47770.0
47801.0
47831.0
47863.0
47894.0
47921.0
47952.0
47982.0
48013.0
48043.0
48074.0
48105.0
48135.0
48166.0
48196.0
48228.0
48259.0
48286.0
48317.0
48347.0
48378.0
48408.0
48439.0
48470.0
48500.0
48531.0
48561.0
48593.0
48624.0
48651.0
48682.0
48712.0
48743.0
48773.0
48804.0
48835.0
48865.0
48896.0
48926.0
48958.0
48989.0
49017.0
49048.0
49078.0
49109.0
49139.0
49170.0
49201.0
49231.0
49262.0
49292.0
49324.0
49355.0
49382.0
49413.0
49443.0
49474.0
49504.0
49535.0
49566.0
49596.0
49627.0
49657.0
49689.0
49720.0
49747.0
49778.0
49808.0
49839.0
49869.0
49900.0
49931.0
49961.0
49992.0
50022.0
50054.0
50085.0
50112.0
50143.0
50173.0
50204.0
50234.0
50265.0
50296.0
50326.0
50357.0
50387.0
50419.0
50450.0
50478.0
50509.0
50539.0
50570.0
50600.0
50631.0
50662.0
50692.0
50723.0
50753.0
50785.0
50816.0
50843.0
50874.0
50904.0
50935.0
50965.0
50996.0
51027.0
51057.0
51088.0
51118.0
51150.0
51181.0
51208.0
51239.0
51269.0
51300.0
51330.0
51361.0
51392.0
51422.0
51453.0
51483.0
51515.0
51546.0
51573.0
51604.0
51634.0
51665.0
51695.0
51726.0
51757.0
51787.0
51818.0
51848.0
51880.0
51911.0
51939.0
51970.0
52000.0
52031.0
52061.0
52092.0
52123.0
52153.0
52184.0
52214.0
52246.0
52277.0
52304.0
52335.0
52365.0
52396.0
52426.0
52457.0
52488.0
52518.0
52549.0
52579.0
52611.0
52642.0
52669.0
52700.0
52730.0
52761.0
52791.0
52822.0
52853.0
52883.0
52914.0
52944.0
52976.0
53007.0
53034.0
53065.0
53095.0
53126.0
53156.0
53187.0
53218.0
53248.0
53279.0
53309.0
53341.0
53372.0
53400.0
53431.0
53461.0
53492.0
53522.0
53553.0
53584.0
53614.0
53645.0
53675.0
53707.0
53738.0
53765.0
53796.0
53826.0
53857.0
53887.0
53918.0
53949.0
53979.0
54010.0
54040.0
54072.0
54103.0
54130.0
54161.0
54191.0
54222.0
54252.0
54283.0
54314.0
54344.0
54375.0
54405.0
54437.0
